Experiment setting 
 /home/RDC/hauptjoh.hub/GANbalanced/experiment/exp4.json

Prediction results
auc,auc_sd,lift0.1,lift0.1_sd,model,sampler
0.6826618085173357,0.04376296016341744,1.0735366438233052,0.01124507310205923,LR,cGAN
0.7046872124128324,0.023209076411739058,1.0722502408293582,0.0024000690066453166,RF,cGAN
0.7095028789919305,0.00906528626480347,1.0741588417388055,0.0048372813870601735,LR,unbalanced
0.7419343497728865,0.005965777266419976,1.075439114955522,0.0073108240928133365,RF,unbalanced
0.6281508095519441,0.013708381024479516,1.0703400211540959,0.004224696244472041,LR,SMOTE
0.6817122400099576,0.013860959998324379,1.0824266685294877,0.008296268452867463,RF,SMOTE
LR
classifier__C,sampler__critic_iterations,sampler__critic_layers,sampler__generator_input,sampler__generator_layers,sampler__n_iter,mean_test_auc,std_test_auc,mean_test_TDLift,std_test_TDLift
10,2,[100],100,"[100, 100]",10000,0.6870029392154141,0.01899516659796585,1.0672736021434495,0.013689742520538955
10,2,[100],100,"[40, 40]",10000,0.6222882835301325,0.044340265978848756,1.0508966583905,0.016794103991663385
10,2,[100],40,"[100, 100]",10000,0.6775476737690648,0.03006145362274858,1.064411977805804,0.01819517145105068
10,2,[100],40,"[40, 40]",10000,0.6083896868137133,0.032026136003101405,1.0484937036728064,0.015339840831127527
10,2,[40],100,"[100, 100]",10000,0.6854074910568759,0.020349571486441734,1.069180411237886,0.013975491542687462
10,2,[40],100,"[40, 40]",10000,0.6797412923321122,0.023754079194665094,1.0667882526929888,0.014703805951644538
10,2,[40],40,"[100, 100]",10000,0.6898581304240123,0.02144420368093561,1.0717303085925791,0.014619425419672103
10,2,[40],40,"[40, 40]",10000,0.6376511965944737,0.045775898328953187,1.056605359785652,0.017587726600257158

RF
classifier__max_features,classifier__min_samples_leaf,classifier__n_estimators,sampler__critic_iterations,sampler__critic_layers,sampler__generator_input,sampler__generator_layers,sampler__n_iter,mean_test_auc,std_test_auc,mean_test_TDLift,std_test_TDLift
sqrt,20,200,2,[100],100,"[100, 100]",10000,0.7050615389080345,0.021135341777773053,1.0710942658684788,0.011879874878399584
sqrt,20,200,2,[100],100,"[40, 40]",10000,0.6445652692924708,0.03526975836888495,1.0706051073505602,0.015040011042732462
sqrt,20,200,2,[100],40,"[100, 100]",10000,0.6982831069344829,0.02165415167807956,1.0745907297725914,0.011844933916932358
sqrt,20,200,2,[100],40,"[40, 40]",10000,0.6469324036451608,0.03308504957641252,1.0728365145136234,0.009971278730489815
sqrt,20,200,2,[40],100,"[100, 100]",10000,0.7146665203282054,0.016391933605757074,1.0768154232725895,0.007746777786937875
sqrt,20,200,2,[40],100,"[40, 40]",10000,0.6950537146117608,0.023942649045464743,1.0718801474106825,0.00987007298797624
sqrt,20,200,2,[40],40,"[100, 100]",10000,0.7123889456720044,0.019537367832768666,1.0744292730427616,0.011657693947269615
sqrt,20,200,2,[40],40,"[40, 40]",10000,0.6521649569536135,0.03669232335003514,1.0729936891391634,0.010071710745507476

